tertiary 21 6399 10189 2775 10385 2687 2548 13560 99 2688 2665 98 697 10467 85 811 2375 698 2368 84 7974 7989 83 2280 343 2251 10649 10643 10468 10644 10469 88 9777 254 19260 10645 19261 10646 10647 2254 10648 10470 10471 6279 10884 10472 89
tertiary 10113 10112 10111 330 10369 10192 10370 6398 21057 21058 21059 10155 20 10372 2486 6402 21056 21
tertiary 12 19893 20346 1260 3895 20348 20353 1262 20355 6426 6425 265 9619 3742 16822 1264 20365 20366 20367 77 20368 4367
service 72 10040 10038 116 117 4362 19111 68
primary 105 19058 189 6117 4881 106 15841 107 14675 14676 108
primary 80 4515 8431 100 94
primary 46 18478 45 4512 4514 44 6388 6387 43 267 42 685 41 6390 6389 5937 40
pedestrian 127 1239 4666 19383 19471 6126 4418
primary 46 4511 17492 17491 3181
tertiary 14 10113 81
tertiary 128 2705 76 10444 10462 10445 10425 13
tertiary 129 22060 22059 128
tertiary_link 19 10084 5009 5005 5007 2465 5008 5004 20112 802
tertiary_link 17 21071 5023 5021 4555 21072 3024
tertiary 14 2473 4554 6476 802
tertiary 19 10085 5003 5002 5001 2472 10097 5006 14
tertiary 1010 5034 5024 352 53
unclassified 4367 7933 72 73 2783 6429 74 6167 6427 75 2782 6168 6428 686 6433
residential 131 21369 21368 101
unclassified 94 93 15171 17490 4516 46
unclassified 95 21370 6365 21223 94
residential 1621 21367 18585 21334 18561 14331 18562 14338 18563
residential 141 143 144 145
residential 142 21366 146 147
residential 140 17732 17731 815 141
unclassified 108 158 1497 157 21893 21890 21892 21891 1069 21886 21888 21887 21889 4457
unclassified 157 21913 21880 21879 1496 1087 159
residential 1038 17762 21878 21877 21876 159 15851 18518 18517 18516 21875 1646 1647
residential 780 161 6119 162
residential 1647 160 1495 17763 17764 188
residential 780 17737 1103 21365 156
residential 162 1106 21363 160
residential 188 1494 22088 158
footway 155 241 1236 684
unclassified 178 169 1029 174
service 9164 169
service 48 170 4851 1818 190 4848 1031 171 172
service 6089 168 167 191
service 191 3116 4495 165
service 4495 166
unclassified 105 164 8661 21293 19057 163
tertiary 701 916 8301 702
cycleway 154 16669 761 5237 950 318 812 18709 186
residential 192 8533 6344 300 20072 6345 6343 3553 20064 20061 20060 272 935 18041 18040 6372 184
residential 184 20044 185 20174 6360
primary 192 34
primary 33 32 7405 6361 7406 96
residential 124 6376 16625 16626 16627 3920 16628 16629 3918 16630 16631 16632 777 16633 16634 20875
unclassified 27 6455 6459 6458 4138 17518 6456 6462 6461 195 1156 194 7
tertiary 51 50 4533 4532 18825 1028 49 178 4529 4530 4528 48 4527 4543 4526 4522 4525 4523 4521 47
footway 1174 16844 16843 6518 8000 3106 20882 197 19379 19489 19562 5056 6127 4418
tertiary 5 17048 17049 4149 16946 6371 6 17161 20109 20110 20111 7
service 205 206
residential 204 19263 207 21199 11178 18867 6467 6457 6465 28
residential 208 204
residential 33 209 7404 18237 18238 7403 18239 18240 18241 9703 214 19760 18868 19265 207
residential 34 17990 8528 8527 8526 210 211 4553 6359 6435 4007 91
residential 211 212 8529 4030 8530 4080 19264 32
residential 29 213
footway 213 216 9737 4052 18245 18244 215 19771 214
residential 6420 1109 7940 17398 221 17401 4700 16890 17012 17010 220 17008 17006 17003 16889 17002 17004 219 218
residential 2932 218 17396 17383 16886 16985 16984 223
tertiary 5 4 229 3 2 1
unclassified 229 4161 18476 6369 18475 228 18474 4177 18471 18470 18472 4179 18469 227 226
unclassified 225 226
service 230 17176 17173 231
unclassified 232 6241 8758 6471 718 18236 368 6472 21779 369 6469 6470 370 193 21078 6473
footway 133 905 204
pedestrian 225 97 4227 18587
unclassified 3835 82
footway 4418 20886 18784 6128 19612 19606 242 19561 19540 21526 241 1252 243 268 3855 3853 19067 244 19066 19064 19062 851 44
steps 247 248 249 246
steps 86 250
unclassified 265 266
residential 273 19544 272
residential 177 573 4817 108
pedestrian 4115 664 663 21084 21083 21087 21085 21088 382 21086 10430 16597 10431 16596 10429 16595 10428 10427 10426 3021 16806 2851 16559 4113 16558 10440 16556 4111 276 16533 274 277 275 4115
unclassified 78 3180 5948 5950 122 4315 5947 6382 298 123
pedestrian 456 203 496 990 1173 6025 5998 462
primary 101 1319 102
primary 103 21655 21652 21654 21653 104
unclassified 103 21262 21586 21258 21259 21260 201 21257 21261 200 21358 104
footway 318 15626 319 18107 18110 320 20387 18113 18116 18122
footway 186 18105 5540 20386 184
tertiary 92 16 5960 800 3035
tertiary 58 18603 18604 6349 57
unclassified 200 202
unclassified 54 6383 6385 6384 17047 6386 4
tertiary_link 92 5017 5016 5014 5015 814
tertiary 18 371 19
unclassified 199 497
unclassified 462 997 181
unclassified 81 19976 2385 252 251 13477
unclassified 323 10577 3835 20803 324 13477
unclassified 13732 324
residential 307 1843 1845 1844 4862 17733 21364 377
unclassified 20 10157 4364 6400 6075 6401 2547 327
unclassified 314 621 1014 13290
unclassified 113 2205 314
residential 113 21976 313
unclassified 10576 114 6276 6277 19244 6129 19248 6278 115
residential 315 2204 701
unclassified 110 1381 378 4846 21920 21919 316 18940 21923 1390 21924 907 315
cycleway 703 1070
tertiary 333 6485 6483 52 701
unclassified 12 68
unclassified 115 1253 9778 88
steps 350 5201 9414
steps 7478 351
residential 352 2416 353
footway 162 6115
footway 6119 6118
service 146 148 152
service 148 151
residential 181 180
unclassified 462 182 707 183
cycleway 196 102 18586 18585
tertiary 130 9771 1266 139 377 140
residential 204 19262 192
residential 312 19236 15984 21833 311
residential 4473 311
residential 313 2178 21914 21915 21916 2177 21918 21917 308
service 371 19911 19912 21060 372 19913 20446 10073 19914 2496 19916 2497
unclassified 173 172
unclassified 174 175
unclassified 51 1086 21297 8665 21292 21298 8664 21296 8662 21295 4531 8663 21294 163
residential 374 6150 375 376
footway 331 19250
pedestrian 4418 956 457 3669 17842 6083 6030 21073 19094 10043 10044 21074 126
primary 34 6050 33
service 378 6324 4882 4886 4888
primary 104 105
residential 255 18556 21401 245
footway 397 398 396 19944 395 19947 394 19951 328 19952 390 19948 391 6281 392 393
footway 393 399 19942 400 19940 401 402 19933 403 404
steps 397 404
footway 397 19930 405 406 958
residential 199 456
pedestrian 166 17730 456
cycleway 180 20901 457
steps 496 495
service 704 9163 4340 4353 498
steps 168 561
footway 561 562
steps 566 564
footway 565 13849
pedestrian 703 1144 120 1007 3110 407
footway 314 571 572 14921 1199 18707 2203 2204
footway 573 6286
residential 18974 18976 18977 608 18979 18980 1389 609
service 677 8786 19702 19704 19705 8787 8825 8828 674 19715 19717 8833 8837 19719 8839 18710 8860 8861 8862 675 8859 8858 8857 676 8810 8808 8805 19711 8802 8800 1273 8785 19697 19696 19699 677
residential 683 5980 22576 682 11593 11594 11595 11596 11597 11598 11599 7645 846
residential 669 3685 12271 12274 17639 846
footway 1174 3921 6493 6514 6378
footway 699 700
unclassified 497 704 914
unclassified 199 3554 957 702
service 343 19254 19253 705
residential 708 709 14558 14678 14555 14679 14554 14680 14556 14677 710 711
residential 713 14469 14475 708
residential 3035 714 715 716 3640 10408 10407 717 6263 8768 718
residential 311 21834 21835 21836 310 1259 308
residential 308 712 309 16301 16291 14465 21881 157
residential 260 721 723 722 259
footway 723 15888
residential 135 11912 21860 21855 21859 21857 725 21856 726 21851 21852 21853 21854 727
residential 2278 2279 727 728
residential 729 21842 730 21841 21840 17783 21839 731 17781 17780 732 17779 17778 17777 733 734 21864 18596 18595 21865 21866 1050 21867 21868 21869 735 736
residential 736 21871 1865 21870 17769 17770 744 1864 21034 326
service 745 746 744
residential 736 21872 21873 17771 21874 737 738
service 18599 21858 21848 21849 21850 725
service 756 755 21861 21862 18597 21863 734
residential 748 729 749
footway 754 750 751
footway 726 754 21847 21846 17786 21845 21844 21843 749
footway 755 751
steps 756 747
cycleway 684 1235 19060 757 1252 758 759 269
footway 320 15633 15632 760 15629 15628 5237
footway 115 14084
residential 263 15824 15821 15008 15000
steps 2230 14043
unclassified 175 566 565 6089 9164 49
primary 781 7970 10578 118 323
primary 113 13689 112 14569 13653 1027 1142 111
service 3743 9623
tertiary 69 342 6350 57
footway 785 3007 3730 3727 16496 16499 16502 786 16510 16517 16524 787 16538 3728 16545 16549 788 3726 3729 17119 16560 16561 789 16562 16564 16565 16566 806
footway 561 6088 794 191
steps 203 562
footway 795 796 797 6088
unclassified 25 4913 799
service 800 19685 2522 8777
service 802 20117 803
service 325 804 805 2653
tertiary 15174 257 15175 256 15176 1108 3184
cycleway 809 105
cycleway 272 810 302
cycleway 302 18786 271
pedestrian 271 35
primary 302 35 19605 192
cycleway 126 21042 20904 21041 814
footway 837 16557 16587 3341 16585 3340 1474 16508 4376
service 829 16592 16591 4112 10453 16600 16623 10454 10455 4114 4110 16602 16588 10449
footway 61 10391 2867
path 3102 4134 3103 19616 19613 19609 6094 852 925 926 927 977 928 5940 929 933 930 934 18111 931 932 978 20876
footway 857 1078
service 115 892 890 891 14160
footway 902 918 903 19071 19376 886 4126 904
residential 708 711 712
pedestrian 915 980
service 923 924
unclassified 315 1391 18947 18951 21922 1392 18964 18965 18969 21921 18973 18974 317 1380 111
footway 938 321 20386
footway 945 18122 949
footway 938 20404 18383 935
footway 957 982
footway 959 14130
footway 971 12355 12357 12361 12363 12367 12369 12372 12375 12377 12379 976
pedestrian 980 17765
footway 981 18870
footway 982 981
footway 1068 989
footway 456 993 1067
footway 995 996 994
pedestrian 914 915 21021 121 703
footway 9163 1000 21025 21026 21020 21027 1005 21028 21029 21030 21031 1001 1003
tertiary 1009 5025 2415 5026 1010
service 1011 2207
footway 5116 1013
footway 317 1140 1141 1026 18846
footway 1028 17493
footway 1029 6087 6086 1030
service 18591 18590 11965 11966 11967 1033 1960 1034 1035 1036 1960
service 1863 3741 1039
footway 728 4359 4361 1294 1051 2016 1049 1052 1053 1050 18598
footway 1069 1088
service 1070 4357 1149 958 701
footway 232 4406 1074
footway 1074 4134 1075 6520 197
footway 4119 14141 959 3577
footway 924 1076
service 4474 1084 1085
service 1087 1088 21882 21883 21884 21885 1089
service 19229 1090 1091 19221
service 4475 19228
steps 1092 1093
footway 1084 7997 1092
footway 1102 15979 1259
footway 1103 1105 1104
residential 1107 149 150
pedestrian 4418 1072 18498 17873 18499 18497 293 18501 5171 155 5170 4130 19586 4853 269 21807 850 6488 4432 6486 6487 6111 3184
footway 1144 1145 1146 1147
steps 120 1146
service 1156 17588 17618 17629 1157 17634 17636 7522
unclassified 180 6177 179 4085 182
footway 173 6125 155
steps 174 1169
footway 1170 495 1171 1172
footway 154 893 946 947 954 948 20018 955 20026 20027 696 18109 953 320 18112 936 18753 18114 5554 5556 5559 937 18115 949 938
service 7473 4170 17092 4172 17093 17094 4167 17095 4166 4163 4146 4145 4182 17086 17085 3030 3731 1197
footway 1198 247
footway 314 6280 21053 2208 2414 2416
tertiary 802 4552 1009
tertiary 5019 17768 5020 17767 5022 15
tertiary 126 92
tertiary 814 10046 2468 5013 18
cycleway 19279 19282 127
footway 44 1234
primary 40 6282 39 3122
footway 1260 4324
service 1262 10639
footway 1264 9621
unclassified 164 3232 1265 4879 4880 4878
unclassified 1267 18514 18515 1268
service 1269 19004
footway 1271 19005
tertiary 4457 17772 738 1040 136 1038 1863 1855 17761 137 17760 9776 261 262 4856 263 138 17735 264 1837 140
primary 110 6317 109 108
tertiary 15 21062 21063 20905 4349 17
tertiary 17 20903 21040 126
residential 161 1318
footway 1379 6289 18981 1380
footway 1379 18962 18948 1381
footway 1383 1382 6288 6289 6287
footway 1387 18978 1393 18975 1394 18966 18962
footway 1076 859 860
footway 1076 858 1077
footway 1497 1498 1499 15873 1494
footway 1499 1496
unclassified 174 4849 173
footway 4856 1874 10718 17751 17752 4857 17756 1868 17758 1869 17759 17757 1870 17755 17753 1871 1872 1873 17750 4859 10721 1876 1879 17754
residential 1854 1855
steps 1874 1872
residential 310 2099
service 52 2203 2202 2201
service 2205 18878
service 1012 5145 13373 5140
service 2207 1012
service 2235 2329 14056 14057 14060 14062 14066 14069 14071 14070 14068 2234
tertiary 1009 5028 5027
primary 111 1387 713
unclassified 183 3115 173
footway 87 2336
steps 2337 2336
footway 19255 19051 2337
footway 1185 19723 12874 12873 20828 10095 2477 3674 19954 19955 19956 19958 2493
footway 2479 2480
footway 2480 10127 19974 2481 19978 10151 2482 2483
footway 2478 2491 3646 19722 2492
footway 2480 19727 10109 19730 19731 3654 2495 19968 19967 19966 19963 2494 19962 19961 2493 2478
steps 2485 10163 19753 10162 10160 19750 2484
footway 2485 2486
footway 3678 3662 20769 3629 2478
service 372 2498
footway 99 2546 21938 21936 21937
footway 2665 2666 2667
service 2653 2654
service 2654 2655
footway 2704 9483 2705
service 2687 2781 21928 10393 2776
service 2775 16194
service 2781 2777
footway 2857 2856
steps 2856 2855
footway 2855 9428 2859 2788 2787 11096 2809 9445 11098 9447 2805 6436 11090 2784 2786
steps 2906 2905 9627 2923 2904
footway 2907 2908 21159 2906
steps 2902 2907 2904 2866 2903 2867
tertiary_link 3024 2466 5010 2467 5011 5012 18
footway 3027 21143 21137 3028 21142
footway 564 495
steps 223 16979
steps 3110 3111 3112 3113 3114
footway 1240 1003 1004
service 3115 1169
footway 6128 19505 19447 19382 19346 21121 1237 684
tertiary 3552 18588 8609 8610 20748 30
residential 5949 19276 4724 38
steps 3554 22744
steps 3572 3571
footway 3601 965 966 12421 12417 967 12410 3602 12398 968 12393 12390 12387 12384 972 12382 3603 12380 12378 973 12370 12366 12364 1068 3604 974 12358 12362 3605 12368 12374 975 12381 976 12385 12389 3606 12395 969 12400 3607 970 3601
footway 998 997
steps 3672 2488
footway 4227 4243 21038
footway 2482 21054
pedestrian 10669 3638 6341 3668 22370 20971 22369 3655 10668 10669
tertiary 28 6463 27 6464 18749 21788 7515 1153 26
footway 3669 5934 5935 4914 4920 3644 3675 3700 715
footway 2478 3695 3674
footway 3655 3640
footway 3646 12876 3659 19737 19722
footway 3654 2490 3637 2483 3689 2484
footway 2478 19957 2487 19965 2488 19735 19970 19736 19971 2489 2490
footway 3672 3642 3637
footway 10668 3675
footway 3689 19992 19993 19991 3624 3667 19989 19987 19986 3632 19981 19980 19979 3683 3697
unclassified 2933 16923 3029 68
footway 3742 9618
service 3739 3740 3744 9920 3743
primary 78 3586 125 79
footway 77 9624
service 165 176 177
unclassified 82 19240 87 13540 13539 86 13542 13545 13546 4371 85
footway 269 21542 21540 21543 21541 4404 3107
service 4323 3895
footway 1008 119 5036 17774 19907 19909 5033 19915 19917 407 17775 19923 19925 19927 17776 393
cycleway 4130 4131 172
service 4299 4277
primary 4373 3105 6374 6377 5945 37 8531 6375 6373 22333 322 945 36 18174 18175 8532 302
footway 4353 4345 22077 4348
footway 4340 4539
footway 4362 4363
footway 4363 4365
service 4369 4368
service 4370 4369
service 4371 4370
residential 313 2235 779 312 1078 923 6091
residential 3107 21539 5207 21538 21537 21536 6222 4394 21535 21534 21533 4396 4395 21577 4393 21574 21573 21578 21579 4397 4524 4392 21576 21575 4526
footway 328 329
steps 9434 16259 299
service 330 10108 344 2479 12875 1185
footway 314 329
footway 850 19451 6097 19425 4423 904 4422 851 4420 1238 1235 1236 1237 4426 19281 4419 19280 4424 19283 19285 19288 4425 4421 19298 1239 7999 4601 4602 4723 3106
footway 269 902 268 1238 267
cycleway 3181 5951 1234 4430 6381 6379 979 6337 6339 6380 4434 6338 8615 849
footway 4448 4403 4449
tertiary 3184 255
residential 47 18560
tertiary 255 4519 4518 15186 4517 4520 47
tertiary 18591 19250 9774 9772 4450 9769 9775 4471 19258 9773 19259 10883 1046 1045
unclassified 58 19759 7689 4452 7
residential 6 16945 4451 16944 6354 9779 16943 6355 16942 198 205 21308 6140 6466 6460 28
footway 3824 12403 12407 12409 12412 12414 12416 12422 12425 12428 12431 1067 12434 12436 12437 12438 12439 12441 12444 12445 992 12443
service 4476 4478 15926 4473
steps 4539 4537
footway 4537 4338
service 20995 20996 4542 4527
unclassified 163 21291 21290 50
footway 4550 12170 4549 4548 4360
tertiary 338 5030 21061 339 340 5035 21064 5018
tertiary 4367 6395 10180 6396 4599 23 2734 10175 21055 22 21
footway 1030 4836 4827 4826 4821 6085
steps 4839 379
steps 4845 18488
footway 4838 18490 4837 4842 18480 4845
service 6085 4847 4849
steps 4850 6357
footway 4860 4869 4854
steps 4890 4858
footway 4859 4860 4892 4891
footway 4869 4870 4892
footway 375 4874
footway 4878 4876 4875 4877 4881
steps 4884 18483
service 4882 6321 4887 4885 6320 4888
pedestrian 72 7933 4367 20368 77 20367 20366 20365 1264 16822 3742 9619 265 6425 6426 20355 1262 20353 20348 3895 1260 20346 19893 12 68 19111 4362 117 116 10038 10040 72
footway 4891 4861
footway 4920 4922
footway 4916 4914
footway 3644 4924
unclassified 181 4338 995 199
tertiary 81 129
primary 323 10576 10575 5157 1011 5148 113
tertiary 7 16947 8 16948 17293 6421 17050 6397 9 6422 4377 6423 10 6424 6393 20113 20114 20115 20116 16878 20118 16950 4387 16951 6394 11 16955 222 16980 3108 848 12
service 4995 16594 843 16599 827 828 16598 4118 16593 829 16590 830 831 832 833 16578 834 16575 835 16608 16577 16579 836 837 838 839 16554 840 841 842
footway 5036 339 21968 10041
steps 5125 5123
steps 6329 5126 13722
steps 6335 5152
steps 5122 5118
steps 6331 5158
steps 5145 5135 6336
footway 5148 5143
footway 6332 13411 5154 5155
footway 5172 4704 5173
footway 5170 6125 5171
service 5175 5176 5177 5178
footway 5201 5200 5199 22910 22911 22912 22909 22908 5197 5196 22913 22914 5195 22915
service 5205 21580 5207
service 5213 5209
residential 5212 5213 5210 5211 4393
footway 5540 18108 5508 18106 1233 19269 19267 706
pedestrian 4337 6468 5936 5933 20898 956
pedestrian 913 5936 5933 20898 20900 20899 20410 6021 5934 5935 910 22309 913
footway 20875 3919 3307 3921
footway 318 15625 15627 15630 15631 5547 321 20404
footway 1234 7992
primary 1621 21656 21650 21651 21649 103
primary 102 1621
unclassified 59 217 4304 720 17110 4299 246 341 17039 7407 17106 6346 17038 65 6420 6347 16932 16930 16931 6414 16933 66 16935 2932 16936 6407 16934 6410 6405 16929 67 6403 16928 2933
tertiary 18591 4456 4474 4475 9770 19222 18522 4469 15924 3737 12178 21838 21837 134 2278 259 135 17784 17782 260 18598 4457
tertiary 55 56 230 58
footway 5999 6023 1172
steps 5998 5999
pedestrian 457 6021
footway 190 6123
footway 6025 6029 6028 6022 6018 6023
steps 1173 1172
footway 6024 15251 15253 15255 15260 15265 15269 6019 15278 15284 15287 6026 15288 15286 15280 6020 15273 15267 15262 15258 15256 15254 15252 15250 15249 15248 15247 6024
service 6057 21614 21613 21616 21611 21612 21615 21617 196
footway 8397 6083
footway 795 562 1170 13859 563
steps 13419 5155
steps 5143 13367
footway 5137 5135 13330 6333
footway 5156 5157
residential 6091 331
pedestrian 271 21806 6093 133 18179 1074 18185 18500 5172 19621 18208 19622 3104 4418
footway 4423 6096 19415 19422 6095 19445 4432
service 6112 4346
footway 6027 4347 20431 20432 20433 4342 4352
footway 17846 17847
service 4346 4349
footway 6114 106
footway 6115 6114
footway 6116 6117
footway 6118 6116
footway 6122 6026
footway 6123 6122
service 6150 11565
primary 3122 127 38 6391 6392 7998 3917 1174 4373
footway 6191 6202 6177
pedestrian 6222 6184 21529 21527 21530 21528 6210 6170 6224 6124 4850
residential 719 21983 6269
footway 6266 6261 6267
service 6268 6262
residential 6269 6263
footway 6283 332 6129
footway 6284 379
footway 6286 6284
pedestrian 6322 6318
footway 6321 6323 6319
pedestrian 6318 6317
pedestrian 6319 14857 6322
footway 6336 5131 13300 13292 13286 5129 13278 5128 13274 5124 5123 5118 5115 13205 13206 13209 5116 5117 5121 5126 5136 13343 5141 13359 5144 13371 5147 5149 5152 5158 5164 13461 5163 13458 5161 13448 5159 6330
steps 5145 5154 6330
footway 6341 6340
footway 3668 6342
footway 4851 6358 6357
tertiary 53 4409 6481 4410 6475 4413 4414 4412 4411 6474 4408 4416 6482 4417 4415 6477 333
tertiary 333 6480 6484 334 6479 774 773 336 775 335 337 6478 776 5029 338
service 4373 18155 20876 6515
footway 6515 6517 6519 6516 20885 20883 20882
path 978 3105
footway 6525 9738 9739 9740 18325 216
steps 6525 4874
footway 4352 4351 1240 121
footway 4348 4352
tertiary 7474 3922 54 5
footway 350 351
service 7478 117
service 7514 17497 7682
service 7515 17500 17559 17560 17566 7516
footway 7519 17537
footway 7522 7521 17650 17653 7524 17656 17659 21077
service 7645 11601 7646
service 7689 17314 19868 19869 19867
footway 7928 7929
footway 7931 7932
footway 7933 7931
steps 7934 9886
service 7940 16987 7941
steps 7964 7962
steps 7963 7990
footway 8007 8005
footway 7966 7963
footway 7962 7961 7960 7990
footway 7984 7965 7964
pedestrian 7982 7964 7977 7981 7983 7985 7984 7982
pedestrian 7976 7962 7978 4104 7975 8006 7959 7613 7990 7976
pedestrian 7980 7979 7967 7986 7969 7985 7983 7981 7963 7980
steps 7968 7966
steps 18590 7995
footway 7995 7994 7997
path 7999 7998
footway 8005 17480 8396
footway 8006 7960
footway 8310 8307
footway 44 5951
steps 8006 8396
steps 6084 8397
primary 3181 3585 78
steps 6357 8697
footway 6124 4852 21547 4853
service 4528 8733
steps 8758 8759
service 368 22548 22547 8770 8771 8773
footway 8768 8760 8761 8759
residential 849 20874 3122
service 169 170
footway 63 9434
footway 63 9414
service 9619 9616
footway 6426 9612
footway 3029 2902
footway 10040 7928
footway 10038 10024
footway 10039 10024
tertiary 5027 10041 5019
service 10407 10412
steps 10409 10414
footway 10419 10424
footway 10408 10409
footway 10414 10418 10419
unclassified 6353 1197 1198 17084 18606 18605 57
primary 713 110
footway 10601 1261
footway 4324 18865 9592
footway 9592 1261 10602 10599 10600
footway 9622 3744
footway 9624 9622
footway 9615 7934
footway 9618 9615
footway 9620 3740
footway 9621 9620
service 9623 782
service 782 6395
service 10638 1263
footway 9609 9608
service 10635 4323
service 10639 10638
footway 9612 9609
service 9614 9611
service 9616 9614
service 3884 3890 19107 11900 11901 19108 11902 19109 11903 19110 3892 10635
cycleway 3919 20152 20153 6378 1175 154
service 11169 11159
service 11174 11169
service 11176 11174
service 11178 11176 11175 11179
footway 8308 8305
footway 8307 8308
service 11565 11566
service 11566 6147 11567
service 1263 11910 11908 11907 11904 3884
service 1090 12199 12212 12215
footway 3797 998
footway 12460 965
footway 3824 12413 1066 12435 12443 12451 12455 12463 12467 12472 12477 12484 12486 12487 3798 3799 12490 3800 12489 12488 3801 3802 12485 12481 12466 12464 12460 12457 12454 12453 12452 19674 3804 12450 12448 3805 12447 12446 12440 3806 12433 12429 12420 3807 12402 12396 12392 3808 3809 3810 12780 971 12779 12347 3811 12341 12338 12335 12331 12327 3812 3813 12314 12309 12307 3814 12305 12306 12308 3815 12317 12323 3816 12333 989 12337 3818 12339 12340 3819 12342 3820 12343 12344 3821 12349 12350 12352 12354 12359 12373 3822 3823 12388 12394 3824
footway 3796 991 990
footway 1066 12418 12415 12411 12408 12404 12401 12397 968
footway 13578 2376
unclassified 13290 13309
unclassified 13309 324
footway 3574 1014
footway 1013 3574
steps 5156 13438
footway 13438 13419
footway 13367 13341
steps 13341 5137
steps 13849 563
footway 14043 779
footway 14075 2230
steps 14084 14075
service 14160 14166
steps 14130 860
service 14331 14314
service 8733 8734
service 8734 8735 8741
residential 15851 15849
residential 780 1647
footway 15886 16172 16174 15895
residential 4473 18519 18520 18521 15924
service 15984 17788
service 16194 17479 16200
footway 16192 16195
footway 22 16192
service 16200 2779 2780
footway 16195 16196 16198 16199 16201 16202
footway 7932 16205 16206 16207
steps 16237 16252 16238
footway 16238 16229
service 16301 16300 16298 16297
footway 16291 16288 16287 16286
steps 16881 16880
steps 16879 17353
footway 220 17386
footway 16884 17373
footway 16880 4873
service 16931 16921
service 16921 16914
service 16926 16917
service 16935 16926
service 16914 16903 16906
service 16917 16915 16913 16909 16908 16907 16906
service 16997 16990
service 16990 16983
service 16983 16980
footway 16978 16971
steps 16971 16964
footway 16979 222
footway 16964 16960 16956 16963 16955
steps 17106 17105 17104 17103 17102 17100 17099 17101 4455 4454 4453
footway 4453 342
footway 17353 16878
steps 17386 16884
steps 17368 17363
steps 17380 17381
footway 17363 17355 17354
footway 17381 17382 17368
footway 17398 17384 17378 17379 17380
steps 17428 17432
steps 17438 17435
footway 717 20968 719
residential 6269 21990 18800
residential 719 6342 6340 20969 4924 4922 6268 4337 4916
footway 17493 17494
footway 17494 202
steps 848 19106 19102 19101 21139 3027 5953 847
residential 846 3896 11609 11611 3885 19843 847
footway 17636 17623 17614 17607 17599 17587 1154 21075 17572 21076 17564 7519 17533
footway 17518 17534
footway 17631 17592
footway 17533 7526
footway 7682 17507
steps 17507 17513
footway 7526 17720 1153
service 17639 4752 17666
service 17560 17561 17583
footway 17659 17630 17592 17537
footway 17656 17631 17628 17617 7523 17603 17597 1154
footway 4873 16879
footway 17373 16881
footway 17736 17734
footway 17734 4890
footway 17738 4861 17736
residential 15844 15835
residential 15849 15844
residential 15000 14993
residential 14993 17737
service 17787 1102
footway 15881 309
footway 15888 15887
footway 15884 15881
service 17788 17787
footway 15887 724 15886 15885 14521 15884
steps 17847 17848
steps 17841 17839
corridor 17845 17844
footway 498 17834
footway 17834 17835
footway 17835 17838
footway 17844 17843 17842
footway 17848 6113 17850 20435
footway 4347 17846 17845
service 20435 12673 6027 6112
service 17990 17991
residential 141 1267 18513 156 142 18512 809
primary 94 15185
footway 18480 18481
footway 18483 4886
footway 18488 18489
steps 18489 18487
footway 18487 4839 4884 4844 4841 4846
pedestrian 6556 6563 6559 6564 6570 16965 16962 16961 16960 16959 16958 16957 6537 6542 6548 6556
tertiary 6447 4209 6450 6351 17107 69
tertiary 4540 4390 4391 4541 20916 20917 124 154 20160 20162 20166 20168 4373
residential 18560 6057
cycleway 3184 18554 18555 18556 18557 18558 18559 18560
unclassified 226 5178 4184 16938 224 16940 6368 16941 6356 16939 198
footway 747 18599
footway 1008 17766 21068 21069 21067 21070 5018
cycleway 18749 18702 18697 18678 17518
footway 18707 18706
footway 18710 18711
footway 18711 18712
steps 18706 14919
steps 18778 18706
steps 18779 1026
footway 18778 18779
footway 6128 17873 1032 707
footway 6127 6126 18784 17873
footway 977 18786
residential 18800 6241
tertiary 702 4838 4535 18824 4534 4536 177 1271 1269 51
steps 18846 18848
footway 18848 1027
primary 96 31 3551
tertiary 30 20749 3628 6370 29 374 28
tertiary 3035 24 10424 12268 12267 12266 669 6266 25 8305 21079 8774 683 6473 5981 21080 7514 17495 5982 17496 26
pedestrian 17765 18871
construction 4357 18875 18873
footway 18873 18871 18869 18870
service 18877 2206
service 18878 18877
footway 1379 1382 1395
service 19004 19006
service 19006 8742
footway 19007 1272
footway 19005 19007
footway 9268 19117
footway 19111 9268
footway 19117 19118
footway 858 19246
service 19221 19220
steps 19246 857
service 19228 19229
service 19220 4469
footway 3810 12376 12371 12365 12360 12356 12353 3797 18523 12351 4894 12348 12346 12345 12347
footway 12466 12469 12473 12476 3803 12480 12482 12483 994 12479 12478 12475 12474 12471 12468 12465 12462 12458 12454
footway 19674 19673
footway 3816 12328 12324 12319 3817 12315 12312 12311 12310 3796 12313 12316 12318 12320 12322 12325 12326 12329 12330 12332 12334 12336 3818
footway 990 1171 4124
service 8782 20823 1273
footway 675 2492
service 8777 18928 8782
footway 376 19787
steps 19788 19787
footway 19788 19794 11175
service 19908 19918 7646 19919 19910
service 17991 17994
service 17994 20108 18003
footway 18937 20374
footway 3740 18937
footway 9886 3739
footway 20374 20372 20371 20370
service 372 20448
service 20446 20447
footway 20769 20770 2479
unclassified 13477 325 13732 250 82
pedestrian 20806 623 624 20808 3571 20805 625 626 20807 20806
tertiary 46 258 4513 15174
primary 15185 101
footway 20813 20814 20815 20816 20817 20818 22712 20819 22713 20820 22714 20821 22715 20822 20823
footway 19727 20828
footway 20769 3674
footway 20904 3024
cycleway 20903 20902 10045 10044
unclassified 82 8007 6130 118
footway 20971 20968
tertiary 10228 2789 19174 6443 6431 19173 6430 19172 6415 19171 6432 71 70 6416 2857 6419 64 6417 63 2986 2861 6418 6437 2863 62 6438 2864 6441 2862 6445 2865 61 3011 6440 60 6446 3010 6444 783 6449 6448 17108 3009 6439 17109 784 6348 6442 785 6447
footway 21027 21022 21021
footway 21037 3628
footway 21038 21037
pedestrian 845 10523 3344 16482 3349 3345 22382 16498 3346 1411 842 21094 1431 1432 16529 16519 16516 16527 1433 3343 3342 16507 1434 4376 844 16504 21093 845
steps 21136 20922
footway 21137 21136
footway 21139 21138 21140
steps 21140 21141
footway 3028 21141
service 21199 21200
service 21324 21332 21308
service 21348 21340
service 21348 14310 21339 21343 14315 21341 21347
service 14312 14310
service 14314 14312
service 21784 21781 21780 21779
service 21782 21783 21784 21778 21777 21785 21786 21787 21789 21788
service 6469 21799 21798 6470
footway 21935 2547
steps 21937 21935
tertiary 5018 21066 20906 21065 15
cycleway 5018 21966 21965 21964 20905
footway 21968 2415
service 21990 22012
service 21983 22005
cycleway 19279 4724 16832 4448 16834 16835 16837 16838 20150 3919
footway 18113 22332 22333
path 22391 17666
path 19717 22392
path 22393 18710
steps 22392 22391
steps 22394 22393
service 22588 22587 22586 22585 22575 22584 22583 22582 22574 22581 22580 22579 22578 22577 16773 22576
footway 22744 3555 3556
steps 22988 22966 22965 22964 22963 22962 22967
steps 23050 22969 22975 22974 22973 22972 22971 22970
steps 22985 22992 22991 22990 22989
footway 23055 22970 22988 22987 22986 22985 23058